1 0 0 0 0 012
3 0 0 0 0 000
3 1 1 3 3 010
3 3 0 0 0 017
3 1 1 1 0 075
3 0 0 3 3 005
1 3 3 3 0 078
1 1 1 1 1 030
0 3 3 0 1 008
0 3 3 1 1 009
0 0 1 1 1 011
0 0 0 0 0 013
0 3 1 0 0 108
0 0 0 0 0 014
0 0 0 0 0 015
0 0 0 0 0 016
1 0 3 3 3 002
1 1 1 1 1 051
1 1 1 1 1 032
1 1 1 1 1 019
1 1 1 1 1 053
3 1 1 1 0 070
1 1 1 1 1 049
1 1 0 0 0 038
1 1 1 1 1 034
3 0 0 0 0 025
1 1 1 1 1 036
1 1 1 1 1 046
0 0 0 0 0 028
0 0 0 0 0 029
1 1 1 1 1 007
1 1 1 1 1 031
1 1 1 1 1 055
1 1 1 1 1 033
3 1 1 1 0 081
1 1 1 1 1 035
1 1 1 1 1 047
1 0 0 0 0 041
1 3 3 3 3 023
1 1 1 1 1 039
1 1 1 1 1 057
3 3 3 3 3 027
1 1 1 1 1 042
0 0 0 0 0 043
0 0 0 0 0 044
1 1 1 1 1 045
1 1 1 1 1 037
1 3 3 1 1 026
1 1 1 1 1 048
1 1 1 1 0 077
1 1 1 1 1 050
1 1 1 1 0 073
1 1 1 1 1 052
1 3 3 3 3 020
1 1 1 1 1 054
1 1 0 0 0 018
1 3 3 1 1 056
1 1 1 1 1 040
0 0 0 0 0 058
0 0 0 0 0 059
0 0 0 0 0 060
0 0 0 0 0 061
0 0 0 0 0 062
0 0 0 0 0 063
0 0 0 0 0 064
0 0 0 0 0 065
0 0 0 0 0 066
0 0 0 0 0 067
0 0 0 0 0 068
0 0 0 0 0 069
1 1 1 1 0 021
1 1 1 1 0 071
1 1 1 1 0 072
1 1 1 3 3 003
1 1 1 1 0 074
1 0 0 1 1 004
1 1 1 1 0 076
1 3 3 3 0 022
1 0 0 1 1 006
1 1 1 1 0 079
1 1 1 1 0 080
3 3 3 3 3 024
0 1 1 1 0 082
0 1 1 1 0 083
0 3 3 3 0 084
0 1 1 1 0 085
0 1 1 1 0 086
0 3 3 3 0 087
0 3 1 3 0 088
0 1 1 1 0 089
0 1 1 1 0 090
0 3 1 3 0 091
0 1 1 1 0 092
0 1 1 1 0 093
0 3 1 3 0 094
0 1 1 1 0 095
0 3 1 3 0 096
0 3 3 3 0 097
0 3 1 1 0 098
0 3 1 3 0 099
0 3 1 1 0 100
0 0 1 1 0 101
0 0 1 1 0 102
0 0 1 1 0 103
0 0 1 1 0 104
0 0 1 1 0 105
0 0 1 1 0 106
0 0 1 1 0 107
1 0 0 0 0 001
0 1 1 0 0 109
0 1 1 0 0 110
0 1 1 0 0 111
0 3 1 0 0 112
0 0 0 0 0 113
0 0 0 0 0 114
0 0 0 0 0 115
0 0 0 0 0 116
0 0 0 0 0 117
0 0 0 0 0 118
0 0 0 0 0 119
0 0 0 0 0 120
0 0 0 0 0 121
0 0 0 0 0 122
0 0 0 0 0 123
0 0 0 0 0 124
0 0 0 0 0 125
0 0 0 0 0 126
0 0 0 0 0 127
