# last number is ignored by code but used for sorting
# :6,$!sort -k8 (or -k7 to edit and then -k8)
# col6: 1: dance / 2:drg / 4:tshirt
#           demo #
#               position in sorted file
0 0 0 0 0 0 000 000
0 0 0 0 1 4 291 001
1 3 3 3 3 0 106 002
0 0 0 0 3 0 184 003
3 1 1 1 1 0 103 004
3 0 0 3 3 0 005 005
1 3 3 3 3 0 108 006
0 0 0 0 3 4 082 007
0 0 0 0 0 0 008 008
0 0 0 0 0 0 009 009
0 0 0 0 0 0 010 010
0 1 3 3 3 0 029 011
1 1 1 1 0 0 052 012
1 1 1 1 1 4 088 013
0 3 3 3 1 0 166 014
0 0 0 0 3 4 081 015
1 0 0 0 0 0 016 016
3 3 0 0 0 0 017 017
1 1 1 1 0 0 033 018
1 1 0 0 0 0 019 019
1 1 1 1 0 0 053 020
3 1 1 1 0 0 100 021
1 1 1 1 0 0 049 022
1 1 0 0 0 0 038 023
1 1 1 1 1 0 034 024
1 1 3 3 3 0 101 025
1 1 1 1 0 0 036 026
1 1 1 1 0 0 046 027
0 3 3 3 1 0 181 028
0 0 0 0 0 0 011 029
1 1 1 1 0 0 030 030
1 1 1 1 0 0 031 031
1 1 1 1 0 0 055 032
1 1 1 1 0 0 018 033
3 3 3 3 1 0 024 034
3 3 3 3 1 0 035 035
1 1 1 1 0 0 047 036
1 1 0 0 0 0 041 037
3 3 3 3 1 0 023 038
1 0 0 0 0 0 039 039
3 3 3 3 3 0 057 040
3 3 3 1 0 0 027 041
1 1 1 1 0 0 042 042
0 0 0 0 0 0 043 043
0 0 0 0 0 0 044 044
1 1 1 1 0 0 045 045
1 1 1 1 0 0 037 046
3 3 1 1 0 0 026 047
1 1 1 1 0 0 048 048
1 1 1 1 0 0 022 049
1 1 3 3 3 1 102 050
1 1 1 1 0 0 051 051
0 0 0 0 1 0 206 052
1 1 1 1 0 0 020 053
1 1 1 1 0 0 054 054
1 1 1 1 0 0 032 055
1 1 1 1 0 0 056 056
1 1 1 1 0 0 040 057
1 1 1 1 0 0 058 058
1 1 1 1 0 0 059 059
0 0 0 0 0 0 060 060
0 0 0 0 0 0 061 061
0 0 0 0 0 0 062 062
0 0 0 0 0 0 063 063
0 0 0 1 3 4 064 064
0 0 0 0 1 0 221 065
0 0 1 1 3 4 066 066
0 0 1 1 3 4 067 067
0 0 0 0 1 0 225 068
0 0 0 0 1 0 234 069
0 0 1 1 1 4 070 070
0 0 0 0 1 0 271 071
0 0 0 0 1 0 136 072
0 1 1 1 1 0 173 073
0 1 0 0 1 0 131 074
0 0 0 0 3 0 235 075
1 1 1 1 1 1 104 076
0 0 0 0 1 0 247 077
0 1 1 1 1 0 174 078
0 0 0 0 1 4 079 079
1 1 0 0 0 0 001 080
0 0 0 0 0 0 015 081
1 1 1 1 1 0 007 082
1 1 1 1 1 1 109 083
0 1 1 1 1 0 160 084
0 1 1 1 1 0 170 085
0 1 1 1 1 0 179 086
0 0 0 0 1 0 187 087
0 0 0 0 0 0 013 088
0 0 0 0 1 0 189 089
0 0 0 0 0 0 090 090
0 0 0 0 0 0 091 091
0 0 0 0 0 0 092 092
0 0 0 0 0 0 093 093
0 0 0 0 0 0 094 094
0 0 0 0 0 0 095 095
0 0 0 0 0 0 096 096
0 0 0 0 0 0 097 097
0 0 0 0 0 0 098 098
0 0 0 0 0 0 099 099
1 1 1 1 0 0 021 100
3 0 0 0 0 0 025 101
1 1 1 1 0 0 050 102
1 1 1 1 1 4 004 103
0 0 1 1 1 4 076 104
3 3 3 3 3 0 105 105
1 0 0 0 0 0 002 106
1 3 3 3 3 0 107 107
0 0 0 0 4 0 006 108
0 0 0 0 1 4 083 109
1 0 0 0 0 0 110 110
3 0 0 0 0 0 111 111
0 0 0 0 0 0 112 112
0 0 0 0 0 0 113 113
0 0 0 0 0 0 114 114
0 0 0 0 0 0 115 115
0 0 0 0 0 0 116 116
0 0 0 0 0 0 117 117
0 0 0 0 0 0 118 118
0 0 0 0 0 0 119 119
0 0 0 0 0 0 120 120
0 0 0 0 0 0 121 121
0 0 0 0 0 0 122 122
0 0 0 0 0 0 123 123
0 0 0 0 0 0 124 124
0 0 0 0 0 0 125 125
0 0 0 0 0 0 126 126
0 0 0 0 0 0 127 127
0 0 0 0 0 0 128 128
0 0 0 0 0 0 129 129
0 1 0 0 1 0 130 130
0 0 1 1 1 4 074 131
0 1 0 0 1 0 132 132
0 1 0 0 0 0 133 133
0 1 0 0 0 0 134 134
0 0 0 0 1 0 135 135
0 0 1 1 3 4 072 136
0 0 0 0 1 0 137 137
0 0 0 0 0 0 138 138
0 0 0 0 0 0 139 139
0 0 0 0 0 0 140 140
0 0 1 0 0 0 141 141
0 0 1 0 0 0 142 142
0 0 1 0 0 0 143 143
0 0 1 0 0 0 144 144
0 0 1 0 0 0 145 145
0 1 1 0 0 0 146 146
0 0 0 0 0 0 147 147
0 0 0 0 0 0 148 148
0 0 0 0 0 0 149 149
0 0 0 0 0 0 150 150
0 0 0 0 0 0 151 151
0 0 0 0 0 0 152 152
0 0 0 0 0 0 153 153
0 0 0 0 0 0 154 154
0 0 0 0 0 0 155 155
0 0 0 0 0 0 156 156
0 0 0 0 0 0 157 157
0 0 0 0 0 0 158 158
0 0 0 0 0 0 159 159
0 0 0 0 1 4 084 160
0 1 1 1 1 0 161 161
0 1 1 1 1 1 162 162
0 1 1 1 1 1 163 163
0 1 1 1 0 0 164 164
0 1 1 1 0 0 165 165
0 0 0 0 0 0 014 166
0 1 1 1 1 0 167 167
0 1 1 1 1 0 168 168
0 1 1 1 1 0 169 169
0 0 0 0 1 4 085 170
0 1 1 1 1 0 171 171
0 1 1 1 1 0 172 172
0 0 1 1 1 4 073 173
0 0 0 0 1 4 078 174
0 1 1 1 1 0 175 175
0 3 3 3 1 0 176 176
0 1 1 1 1 0 177 177
0 3 3 3 1 1 178 178
0 0 0 0 1 4 086 179
0 1 1 1 1 0 180 180
0 3 3 0 0 0 028 181
0 0 0 0 1 0 182 182
0 0 0 0 1 0 183 183
1 1 3 3 3 4 003 184
0 0 0 0 1 0 185 185
0 0 0 0 1 0 186 186
0 0 0 0 1 4 087 187
0 0 0 0 1 0 188 188
1 1 1 1 1 4 089 189
0 0 0 0 3 0 190 190
0 0 0 0 1 0 191 191
0 0 0 0 1 0 192 192
0 0 0 0 1 0 193 193
0 0 0 0 1 0 194 194
0 0 0 0 1 0 195 195
0 0 0 0 1 0 196 196
0 0 0 0 1 0 197 197
0 0 0 0 1 0 198 198
0 0 0 0 1 0 199 199
0 0 0 0 1 0 288 200
0 0 0 0 3 1 201 201
0 0 0 0 1 0 202 202
0 0 0 0 1 0 203 203
0 0 0 0 1 0 204 204
0 0 0 0 3 0 205 205
0 0 0 0 0 0 012 206
0 0 0 0 3 0 207 207
0 0 0 0 1 0 208 208
0 0 0 0 3 0 209 209
0 0 0 0 1 0 210 210
0 0 0 0 1 0 211 211
0 0 0 0 1 0 212 212
0 0 0 0 1 0 213 213
0 0 0 0 1 0 214 214
0 0 0 0 1 0 215 215
0 0 0 0 1 0 216 216
0 0 0 0 3 0 217 217
0 0 0 0 1 2 218 218
0 0 0 0 3 0 219 219
0 0 0 0 3 0 286 220
0 0 1 1 3 6 065 221
0 0 0 0 3 0 222 222
0 0 0 0 1 0 223 223
0 0 0 0 1 0 224 224
0 0 1 1 3 4 068 225
0 0 0 0 1 1 226 226
0 0 0 0 1 1 227 227
0 0 0 0 1 0 228 228
0 0 0 0 1 0 229 229
0 0 0 0 1 0 230 230
0 0 0 0 3 0 231 231
0 0 0 0 1 0 232 232
0 0 0 0 1 0 233 233
0 0 1 1 1 4 069 234
0 0 1 1 3 5 075 235
0 0 0 0 3 0 236 236
0 0 0 0 1 0 237 237
0 0 0 0 1 0 238 238
0 0 0 0 3 2 239 239
0 0 0 0 1 0 240 240
0 0 0 0 3 0 241 241
0 0 0 0 1 0 242 242
0 0 0 0 1 0 243 243
0 0 0 0 3 0 244 244
0 0 0 0 1 0 245 245
0 0 0 0 3 0 246 246
0 0 1 1 3 4 077 247
0 0 0 0 3 0 248 248
0 0 0 0 3 0 249 249
0 0 0 0 3 0 250 250
0 0 0 0 1 0 251 251
0 0 0 0 3 2 252 252
0 0 0 0 1 0 253 253
0 0 0 0 1 0 254 254
0 0 0 0 1 0 255 255
0 0 0 0 1 0 256 256
0 0 0 0 1 0 257 257
0 0 0 0 1 0 258 258
0 0 0 0 3 2 259 259
0 0 0 0 3 2 260 260
0 0 0 0 1 0 261 261
0 0 0 0 3 1 262 262
0 0 0 0 1 0 263 263
0 0 0 0 1 0 264 264
0 0 0 0 1 0 265 265
0 0 0 0 1 0 266 266
0 0 0 0 1 0 267 267
0 0 0 0 1 0 268 268
0 0 0 0 1 0 269 269
0 0 0 0 3 2 270 270
0 0 1 1 3 4 071 271
0 0 0 0 1 0 272 272
0 0 0 0 3 1 273 273
0 0 0 0 1 0 274 274
0 0 0 0 1 0 275 275
0 0 0 0 1 0 276 276
0 0 0 0 3 0 277 277
0 0 0 0 3 1 278 278
0 0 0 0 1 0 279 279
0 0 0 0 3 0 280 280
0 0 0 0 3 1 281 281
0 0 0 0 1 1 282 282
0 0 0 0 3 1 283 283
0 0 0 0 1 0 284 284
0 0 0 0 1 0 285 285
0 0 0 0 1 0 220 286
0 0 0 0 3 0 287 287
0 0 0 0 1 0 200 288
0 0 0 0 1 0 289 289
0 0 0 0 3 4 290 290 // TR Trance
0 0 0 0 3 4 080 291
0 0 0 0 3 4 292 292
0 0 0 0 1 4 293 293 // last 128x192, auto stored in DEMO_LAST_IDX
0 0 0 0 0 0 294 294
0 0 0 0 0 0 295 295
0 0 0 0 0 0 296 296
0 0 0 0 0 0 297 297
0 0 0 0 0 0 298 298
0 0 0 0 0 0 299 299
0 0 0 0 0 0 300 300 
0 0 0 0 0 0 301 301 
0 0 0 0 0 0 302 302 
0 0 0 0 0 0 303 303 
0 0 0 0 0 0 304 304 
0 0 0 0 0 0 305 305 
0 0 0 0 0 0 306 306 
0 0 0 0 0 0 307 307 
0 0 0 0 0 0 308 308 
0 0 0 0 0 0 309 309 
0 0 0 0 0 0 310 310    // Last DJ (counts down) 
0 0 0 0 0 0 311 311 
0 0 0 0 0 0 312 312 
0 0 0 0 0 0 313 313 
0 0 0 0 0 0 314 314 
0 0 0 0 0 0 315 315 
0 0 0 0 0 0 316 316 
0 0 0 0 0 0 317 317 
0 0 0 0 0 0 318 318 
0 0 0 0 0 0 319 319 
0 0 0 0 0 0 320 320 
0 0 0 0 0 0 321 321 
0 0 0 0 0 0 322 322 
0 0 0 0 0 0 323 323 
0 0 0 0 0 0 324 324 
0 0 0 0 0 0 325 325 
0 0 0 0 0 0 326 326 
0 0 0 0 0 0 327 327 
0 0 0 0 0 0 328 328 
0 0 0 0 0 0 329 329 
0 0 0 0 0 0 330 330 
0 0 0 0 0 0 331 331 
0 0 0 0 0 0 332 332 
0 0 0 0 0 0 333 333 
0 0 0 0 0 0 334 334 
0 0 0 0 0 0 335 335 
0 0 0 0 0 0 336 336 
0 0 0 0 0 0 337 337 
0 0 0 0 0 0 338 338 
0 0 0 0 0 0 339 339 
0 0 0 0 0 0 340 340 
0 0 0 0 0 0 341 341 
0 0 0 0 0 0 342 342 
0 0 0 0 0 0 343 343 
0 0 0 0 0 0 344 344 
0 0 0 0 0 0 345 345 
0 0 0 0 0 0 346 346 
0 0 0 0 0 0 347 347 
0 0 0 0 0 0 348 348 
0 0 0 0 0 0 349 349 
0 0 0 0 0 0 350 350 
0 0 0 0 0 0 351 351 
0 0 0 0 0 0 352 352 
0 0 0 0 0 0 353 353 
0 0 0 0 0 0 354 354 
0 0 0 0 0 0 355 355 
0 0 0 0 0 0 356 356 
0 0 0 0 0 0 357 357 
0 0 0 0 0 0 358 358 
0 0 0 0 0 0 359 359 
0 0 0 0 0 0 360 360
0 0 0 0 0 0 361 361 
0 0 0 0 0 0 362 362 
0 0 0 0 0 0 363 363 
0 0 0 0 0 0 364 364 
0 0 0 0 0 0 365 365 
0 0 0 0 0 0 366 366 
0 0 0 0 0 0 367 367 
0 0 0 0 0 0 368 368 
0 0 0 0 0 0 369 369 
0 0 0 0 0 0 370 370 
0 0 0 0 0 0 371 371 
0 0 0 0 0 0 372 372 
0 0 0 0 0 0 373 373 
0 0 0 0 0 0 374 374 
0 0 0 0 0 0 375 375 
0 0 0 0 0 0 376 376 
0 0 0 0 0 0 377 377 
0 0 0 0 0 0 378 378 
0 0 0 0 0 0 379 379
0 0 0 0 0 0 380 380
0 0 0 0 0 0 381 381 
0 0 0 0 0 0 382 382 
0 0 0 0 0 0 383 383 
0 0 0 0 0 0 384 384 
0 0 0 0 0 0 385 385 
0 0 0 0 0 0 386 386 
0 0 0 0 0 0 387 387 
0 0 0 0 0 0 388 388 
0 0 0 0 0 0 389 389 
0 0 0 0 0 0 390 390 
0 0 0 0 0 0 391 391 
0 0 0 0 0 0 392 392 
0 0 0 0 0 0 393 393 
0 0 0 0 0 0 394 394 
0 0 0 0 0 0 395 395 
0 0 0 0 0 0 396 396 
0 0 0 0 0 0 397 397 
0 0 0 0 0 0 398 398 
0 0 0 0 1 0 399 399 // First DJ has to be enabled or other DJs won't work
